4294967278,536
4294967279,345
4294967278,535
4294967279,261
4294967278,278
4294967279,344
4294967278,8
4294967278,334
4294967279,393
4294967278,257
4294967279,395
4294967278,532
52,2
4294967279,342
4294967278,512
4294967279,320
4294967279,127
4294967278,530
4294967278,318
4294967278,6
4294967278,5
4294967279,132
4294967279,340
4294967279,339
4294967294,18
4294967294,14
4294967294,126
4294967294,20
4294967294,13
45,2
4294967278,525
54,2
54,5
54,4
52,4
4294967278,245
4294967279,245
49,8
49,7
49,6
49,5
49,4
4294967278,241
4294967279,394
47,8
47,0
4294967278,314
4294967278,313
4294967278,284
4294967279,285
4294967278,240
47,7
47,6
47,1
47,5
4294967278,238
4294967278,230
4294967278,213
4294967278,212
4294967278,210
4294967278,208
4294967278,205
4294967279,202
4294967278,200
4294967279,201
4294967278,199
4294967279,200
4294967278,198
4294967278,195
4294967279,153
4294967279,148
4294967279,147
4294967279,144
4294967279,274
4294967279,137
4294967279,136
4294967279,135
4294967279,133
4294967279,273
4294967278,315
4294967278,250
4294967278,246
4294967278,244
4294967278,236
4294967278,234
4294967278,232
4294967279,232
4294967279,228
4294967278,224
4294967279,224
4294967279,222
4294967278,220
4294967278,218
4294967279,218
4294967278,214
4294967279,313
4294967279,199
4294967278,197
4294967279,198
4294967278,196
4294967279,197
4294967279,196
4294967278,194
4294967279,194
4294967278,191
4294967278,190
4294967278,189
4294967278,188
4294967279,189
4294967278,187
4294967278,186
4294967278,185
4294967279,186
4294967278,184
4294967279,184
4294967278,181
4294967279,182
4294967278,178
4294967278,177
4294967279,178
4294967278,176
4294967279,177
4294967278,175
4294967279,176
4294967279,175
4294967278,172
4294967279,173
4294967278,171
4294967279,172
4294967278,170
4294967279,171
4294967278,169
4294967279,170
4294967278,168
4294967278,167
4294967279,167
4294967278,165
4294967279,166
4294967278,164
4294967279,165
4294967278,163
4294967279,164
4294967278,162
4294967279,163
4294967278,161
4294967278,160
4294967278,158
4294967279,159
4294967279,158
4294967278,156
4294967278,155
4294967279,155
4294967279,358
47,2
4294967279,152
4294967278,54
4294967278,53
4294967278,52
4294967278,51
4294967278,50
4294967278,49
4294967278,48
4294967278,47
4294967278,46
4294967278,45
4294967278,44
4294967278,43
4294967278,42
4294967278,41
4294967278,40
4294967278,39
4294967278,38
4294967278,37
4294967278,35
47,4
4294967279,151
4294967279,150
4294967294,1418
4294967294,150
4294967294,1017
4294967294,484
4294967279,149
4294967278,36
4294967279,290
4294967294,392
4294967278,332
4294967279,289
4294967279,288
4294967279,143
4294967279,142
4294967278,139
80,5
4294967279,141
80,4
80,3
80,2
80,1
4294967279,140
4294967279,139
45,4
4294967294,127
4294967294,19
43,4
4294967278,132
4294967278,131
4294967278,130
4294967278,129
4294967278,128
4294967278,126
4294967278,255
4294967278,526
4294967278,123
4294967278,252
4294967278,121
4294967278,120
4294967278,119
4294967278,118
4294967278,117
4294967278,116
4294967278,115
4294967278,114
4294967278,113
4294967278,112
4294967278,174
4294967278,520
4294967278,97
4294967278,96
4294967278,95
4294967278,326
4294967278,93
4294967278,92
4294967278,91
4294967278,89
4294967278,81
4294967278,80
4294967278,78
4294967278,71
4294967278,69
4294967278,68
4294967278,67
4294967278,66
4294967278,62
4294967278,61
4294967278,60
4294967278,59
4294967278,58
4294967278,57
4294967278,56
4294967278,55
4294967279,174
4294967279,87
4294967279,86
4294967279,85
4294967279,84
4294967279,83
4294967279,82
4294967279,81
4294967279,80
4294967279,79
4294967279,78
4294967279,76
4294967279,75
4294967279,74
4294967279,73
4294967279,72
4294967279,71
4294967279,70
4294967279,69
4294967279,68
4294967279,67
4294967279,66
4294967279,65
4294967279,64
4294967279,62
4294967279,60
4294967279,59
4294967279,58
4294967279,57
4294967279,55
4294967279,54
4294967279,53
4294967279,52
4294967279,50
4294967279,48
4294967279,46
4294967279,45
4294967279,44
4294967279,43
4294967279,42
4294967279,41
4294967279,40
4294967279,38
4294967279,37
4294967279,36
4294967279,35
4294967279,34
4294967279,33
4294967279,32
4294967279,30
4294967279,29
4294967279,28
4294967279,27
4294967279,25
4294967279,24
4294967279,23
4294967279,22
4294967279,21
4294967279,20
4294967279,18
4294967279,16
4294967279,14
4294967279,13
4294967279,12
4294967279,11
4294967279,10
4294967279,9
4294967279,8
4294967279,7
4294967279,6
4294967279,5
4294967279,4
4294967294,30
4294967294,61
4294967294,424
4294967279,270
4294967278,316
4294967279,315
4294967279,252
4294967294,12
4294967279,314
4294967278,254
4294967278,253
4294967278,248
4294967278,242
4294967294,11
4294967294,68
4294967279,230
4294967278,228
4294967278,108
4294967278,226
4294967278,227
4294967279,227
4294967278,222
4294967279,407
4294967279,220
4294967278,104
4294967278,219
4294967279,219
4294967279,216
4294967279,406
4294967278,216
79,6
4294967278,522
4294967278,100
4294967278,521
4294967294,438
4294967294,389
4294967278,98
4294967278,336
4294967279,211
79,5
79,4
4294967279,207
79,3
79,2
79,1
4294967279,389
4294967279,387
4294967278,335
4294967278,87
4294967278,320
4294967278,86
4294967294,168
4294967294,118
4294967294,109
4294967294,412
4294967294,483
4294967278,575
